4294967279,69
4294967279,68
4294967279,67
4294967279,66
4294967279,65
4294967279,64
4294967279,63
4294967279,62
4294967279,61
4294967279,200
4294967294,97
4294967278,199
4294967279,83
4294967279,82
4294967279,81
4294967279,79
4294967279,78
4294967279,77
4294967279,76
4294967279,75
4294967279,74
4294967279,73
4294967279,72
4294967279,71
4294967279,70
4294967279,199
4294967278,196
4294967279,198
4294967279,197
31,5
4294967278,195
4294967279,195
4294967278,194
31,4
4294967279,194
31,3
31,2
31,1
4294967279,564
4294967279,80
4294967278,193
4294967279,193
4294967279,192
4294967279,191
4294967278,190
30,4
4294967278,189
30,3
30,2
30,1
4294967278,188
4294967278,375
4294967294,390
4294967278,374
4294967279,563
4294967278,373
4294967278,372
4294967279,562
4294967294,387
4294967294,388
4294967294,40
4294967294,38
4294967294,37
4294967278,371
4294967294,89
4294967294,36
4294967278,370
4294967278,180
4294967279,561
4294967279,85
4294967279,84
4294967279,560
4294967278,369
4294967279,559
4294967279,86
4294967279,87
4294967279,90
4294967279,89
4294967278,168
4294967279,94
4294967279,93
4294967279,92
4294967279,91
4294967278,166
4294967278,165
4294967278,163
4294967278,161
4294967278,159
4294967279,558
4294967278,368
4294967278,367
4294967279,557
4294967278,366
4294967279,96
4294967279,95
4294967278,365
4294967278,152
4294967279,97
4294967278,364
4294967279,99
4294967279,98
4294967279,556
4294967278,146
4294967279,101
4294967279,100
4294967279,555
4294967279,554
4294967279,553
4294967278,363
4294967279,552
4294967278,362
4294967278,137
4294967278,136
4294967279,103
4294967279,102
4294967278,361
4294967279,551
4294967278,134
4294967279,133
4294967279,104
4294967278,360
4294967279,268
4294967279,107
4294967279,106
4294967279,105
4294967278,359
4294967279,269
4294967278,284
4294967279,267
4294967278,275
4294967279,266
4294967279,108
4294967278,274
4294967278,272
4294967279,278
4294967278,283
4294967279,112
4294967279,111
4294967279,110
4294967279,109
4294967279,265
4294967278,271
4294967279,276
4294967278,282
4294967279,116
4294967279,115
4294967279,114
4294967279,113
4294967278,281
4294967279,261
4294967279,259
4294967278,280
4294967279,550
4294967278,263
4294967279,274
4294967279,119
4294967279,118
4294967279,117
4294967279,253
4294967278,258
4294967279,549
4294967278,358
4294967279,126
4294967279,251
4294967279,124
4294967279,123
4294967279,122
4294967279,121
4294967279,120
4294967278,256
4294967279,548
4294967279,252
4294967278,357
4294967279,127
4294967278,255
4294967278,356
4294967279,125
4294967278,254
4294967279,132
4294967279,131
4294967279,130
4294967279,129
4294967279,128
4294967279,547
4294967278,252
4294967278,8
4294967278,7
4294967278,6
4294967278,5
4294967278,4
4294967278,250
4294967279,546
4294967278,249
4294967279,545
4294967278,14
4294967278,13
4294967278,12
4294967278,11
4294967278,10
4294967278,9
4294967278,247
4294967278,244
4294967278,31
4294967278,30
4294967278,29
4294967278,28
4294967278,27
4294967278,26
4294967278,25
4294967278,24
4294967278,23
4294967278,22
4294967278,21
4294967278,20
4294967278,19
4294967278,18
4294967278,17
4294967278,16
4294967278,15
4294967294,437
4294967294,472
4294967294,393
4294967294,46
4294967294,389
4294967294,120
4294967294,115
4294967294,114
4294967278,241
4294967278,355
4294967278,0
4294967278,236
4294967278,234
4294967278,228
4294967278,232
29,5
29,4
4294967278,230
29,3
29,2
29,1
4294967278,229
4294967294,75
4294967278,227
4294967278,225
4294967294,917
4294967294,910
4294967294,898
4294967294,162
4294967294,161
4294967278,222
4294967278,221
4294967278,218
4294967294,50
4294967278,37
4294967278,36
4294967278,35
4294967278,34
4294967278,33
4294967278,32
4294967279,17
4294967279,16
4294967279,15
4294967279,14
4294967279,13
4294967279,11
4294967278,217
4294967294,1
4294967294,469
4294967294,903
4294967294,0
4294967294,904
4294967294,186
4294967278,214
4294967294,76
4294967294,41
4294967294,5
4294967294,107
4294967294,427
4294967294,44
4294967294,43
4294967294,52
4294967294,51
4294967294,82
4294967294,91
4294967294,90
4294967294,87
4294967294,86
4294967294,85
4294967294,84
4294967294,949
4294967294,395
4294967294,396
4294967294,29
4294967294,950
4294967294,419
4294967294,413
4294967294,407
4294967294,948
4294967294,385
4294967294,179
4294967294,398
4294967294,415
4294967294,444
4294967294,919
4294967294,913
4294967294,448
4294967294,468
4294967294,408
4294967294,111
4294967294,164
4294967294,113
4294967294,184
4294967294,2
4294967294,921
4294967294,28
4294967294,920
4294967294,27
4294967294,946
4294967294,53
4294967294,45
4294967278,209
4294967278,208
4294967294,96
4294967294,94
28,5
4294967278,207
28,4
28,3
28,2
28,1
4294967279,544
4294967279,0
4294967294,9
4294967278,206
4294967294,8
0,7
4294967294,93
4294967294,95
4294967294,18
4294967294,14
4294967294,126
4294967294,967
4294967294,915
4294967294,421
4294967294,401
4294967294,190
4294967294,163
4294967294,12
4294967294,30
4294967294,942
4294967294,941
4294967294,939
4294967294,938
4294967294,933
4294967294,922
4294967294,436
4294967294,830
4294967294,829
4294967294,828
4294967294,827
4294967294,60
4294967294,92
4294967294,88
4294967294,127
4294967294,20
4294967294,13
4294967294,22
4294967294,17
4294967294,39
4294967294,42
4294967294,67
4294967294,99
4294967294,424
4294967294,417
4294967294,25
4294967294,26
4294967278,204
4294967294,185
4294967294,176
0,5
4294967278,203
4294967294,7
4294967294,6
4294967294,10
4294967294,966
4294967294,965
4294967294,964
4294967294,963
4294967294,962
